Estrato Org   Papel  Carton Metal  Vidrio  Plastico  Goma  Madera  Tierra  Textil  Otros
Alto  0.4314  0.1538   0.0205   0.0024   0.0272   0.0370   0.0000   0.0033   0.2631   0.0128   0.0484
Alto  0.5825  0.1102   0.0405   0.0131   0.0364   0.0968   0.0000   0.0035   0.0476   0.0036   0.0658
Alto  0.6347  0.1414   0.0471   0.0090   0.0315   0.0696   0.0000   0.0113   0.0195   0.0157   0.0202
Alto  0.6104  0.0926   0.0487   0.0201   0.0420   0.0931   0.0000   0.0018   0.0073   0.0037   0.0803
Alto  0.4161  0.1175   0.0447   0.0299   0.0662   0.1103   0.0045   0.0134   0.0156   0.0138   0.1680
Alto  0.5610  0.0966   0.0736   0.0113   0.0208   0.0881   0.0015   0.0034   0.1183   0.0151   0.0103
Alto  0.4803  0.2284   0.0391   0.0243   0.0313   0.0942   0.0000   0.0039   0.0536   0.0078   0.0371
Alto  0.4723  0.0896   0.0735   0.0136   0.0448   0.0779   0.0000   0.0002   0.0900   0.0134   0.1247
Medio  0.6869  0.1126   0.0292   0.0078   0.0103   0.0611   0.0000   0.0021   0.0097   0.0103   0.0700
Medio  0.5778  0.1027   0.0174   0.0252   0.0255   0.0781   0.0005   0.0007   0.1195   0.0280   0.0246
Medio  0.6710  0.1100   0.0279   0.0085   0.0159   0.0465   0.0002   0.0021   0.0159   0.0121   0.0899
Medio  0.5352  0.1265   0.0269   0.0392   0.0154   0.0772   0.0000   0.0123   0.0741   0.0478   0.0454
Medio  0.5979  0.1676   0.0224   0.0089   0.0089   0.0626   0.0004   0.0022   0.0342   0.0352   0.0597
Medio  0.7264  0.1318   0.0198   0.0080   0.0136   0.0613   0.0000   0.0023   0.0107   0.0227   0.0034
Medio  0.6335  0.1150   0.0222   0.0076   0.0189   0.0985   0.0002   0.0057   0.0530   0.0417   0.0037
Medio  0.6576  0.0839   0.0321   0.0022   0.0143   0.0748   0.0000   0.0083   0.0347   0.0226   0.0695
Medio  0.5630  0.0670   0.0585   0.0340   0.0281   0.0439   0.0343   0.0003   0.0638   0.0469   0.0001
Bajo  0.6510  0.0508   0.0515   0.0087   0.0029   0.0689   0.0000   0.0164   0.0912   0.0571   0.0015
Bajo  0.6360  0.0669   0.0344   0.0088   0.0520   0.0768   0.0000   0.0110   0.0625   0.0461   0.0055
Bajo  0.7300  0.0730   0.0261   0.0139   0.0181   0.0523   0.0003   0.0051   0.0385   0.0220   0.0207
Bajo  0.5232  0.1130   0.0398   0.0145   0.0362   0.1124   0.0369   0.0110   0.0399   0.0434   0.0297
Bajo  0.5574  0.0867   0.0142   0.0556   0.0115   0.0524   0.0065   0.0033   0.1342   0.0622   0.0160
Bajo  0.5580  0.1605   0.0105   0.0092   0.0138   0.1009   0.0000   0.0078   0.0734   0.0353   0.0306
Bajo  0.4808  0.1050   0.0399   0.0280   0.0112   0.1189   0.0070   0.0049   0.1798   0.0105   0.0140
Bajo  0.5973  0.0757   0.0193   0.0347   0.0237   0.0603   0.0112   0.0087   0.0865   0.0748   0.0078
Bajo  0.6043  0.1272   0.0401   0.0128   0.0163   0.0847   0.0011   0.0068   0.0522   0.0395   0.0150
Bajo  0.4418  0.0836   0.0244   0.0145   0.0073   0.0873   0.0182   0.0004   0.2462   0.0509   0.0254
