A B C D
.3 .3 .3 .1
.1 .4 .4 .1
.4 .1 .4 .1
.4 .4 .1 .1
.5 .2 .1 .2
.2 .5 .2 .1
.2 .2 .5 .1
.28 .28 .28 .16
.12 .36 .36 .16
.36 .12 .36 .16
.36 .36 .12 .16
.48 .18 .18 .16
.18 .48 .18 .16
.18 .18 .48 .16
.25 .25 .25 .25
.11 .32 .32 .25
.32 .11 .32 .25
.32 .32 .11 .25
.39 .18 .18 .25
.18 .39 .18 .25
.18 .18 .39 .25 
