sand silt clay
.36 .6 .04
.34 .61 .05
.06 .87 .07
.03 .91 .06
.08 .87 .05
.33 .63 .04
.59 .36 .05
.2 .78 .02
.48 .51 .01
.02 .8 .18
.45 .53 .02
.91 .08 .01
.69 .25 .06
.74 .25 .01
.62 .37 .01
.42 .54 .04
.46 .51 .03
.19 .71 .1
.64 .35 .01
.33 .55 .12
.21 .74 .05
